[Window][DockSpaceViewport_11111111]
Pos=0,0
Size=1920,1011
Collapsed=0

[Window][Texture Preview]
Pos=900,56
Size=768,768
Collapsed=0

[Window][Node Editor]
Pos=1040,325
Size=963,634
Collapsed=0

[Window][Debug##Default]
Pos=60,60
Size=400,517
Collapsed=0

[Docking][Data]
DockSpace ID=0x8B93E3BD Window=0xA787BDB4 Pos=0,0 Size=1920,1011 CentralNode=1


[NoiseToolMeshNoisePreview][Settings]
tri_limit=35000000
frequency=0.005000
iso_surface=0.000000
heightmap_multiplier=100.000000
seed=1338
color=16777215
mesh_type=0
enabled=1

[NoiseToolNoiseTexture][Settings]
frequency=0.020000
seed=1337
gen_type=0
export_size=4096:4096

[NoiseToolNodeGraph][Settings]
grid_offset=1605.000000:107.000000
frequency=0.020000
seed=1337
gen_type=0

[NoiseToolNodeData][Node:9]
id=10
grid_pos=-2031.000000:12.000000

[NoiseToolNodeData][Node:13]
variable=4
variable=1075838976
node=10
hybrid=0:0.650000
hybrid=0:0.500000
id=11
grid_pos=-1751.000000:12.000000

[NoiseToolNodeData][Node:19]
variable=1059648963
node=11
id=12
grid_pos=-1471.000000:12.000000

[NoiseToolNodeData][Node:4]
variable=0
variable=1077936128
variable=0
variable=0
variable=0
variable=0
variable=0
variable=0
id=13
grid_pos=-1471.000000:392.000000

[NoiseToolNodeData][Node:25]
node=12
hybrid=13:0.000000
id=14
grid_pos=-1191.000000:202.000000

[NoiseToolNodeData][Node:16]
variable=1073741824
node=14
hybrid=0:0.200000
id=15
grid_pos=-911.000000:202.000000

[NoiseToolNodeData][Node:17]
variable=2
variable=1075838976
node=15
hybrid=0:0.700000
hybrid=0:0.500000
id=16
grid_pos=-631.000000:202.000000
